0.093579054
0.098490395
0.09016172
0.12580734
0.10836849
0.07713589
0.11068895
0.11071649
0.13392505
0.11711966
0.10285617
0.104901396
0.12621261
0.102962665
0.099483885
0.12014003
0.08253728
0.095838375
0.10968149
0.08938786
0.06792739
0.09394061
0.09171666
0.092902996
0.086193055
0.13894615
0.080143645
0.09554421
0.1028987
0.09717363
0.14012529
0.10473863
0.08143002
0.12229683
0.09430138
0.13215959
0.110003024
0.1264135
0.09862233
0.09547122
0.10853057
0.09841822
0.09552169
0.13522603
0.14483038
0.094357975
0.113565125
0.09627174
0.11487089
0.08740258
0.12419965
0.09292509
0.12235092
0.092968926
0.110771194
0.12522455
0.13432121
0.11563957
0.1252407
0.09927545
0.12306616
0.14044964
0.08672898
0.114521675
0.08422283
0.09798196
0.08553814
0.1344179
0.12811175
0.09619349
0.11574858
0.096264414
0.11442582
0.1363061
0.12970361
0.10349644
0.0917542
0.09650579
0.0818474
0.11596678
0.11449925
0.1
0.09663121
0.09732646
