0.09821911
0.10821341
0.11893432
0.09553728
0.11318091
0.10137593
0.118730456
0.08683162
0.098937936
0.08793011
0.10962957
0.11072471
0.099670574
0.117051646
0.12655778
0.09986082
0.09902281
0.10495587
0.083741255
0.09229536
0.103658386
0.10762117
0.09478168
0.11819769
0.14905843
0.13103421
0.12108874
0.09439611
0.10138104
0.09573035
0.079515874
0.10664363
0.13402708
0.115456596
0.109905444
0.10730591
0.090668306
0.12809838
0.08635643
0.09840334
0.11020931
0.092135094
0.10544732
0.096250236
0.11939008
0.116150565
0.10324833
0.10628335
0.095411636
0.11011987
0.091374874
0.09902857
0.10092673
0.13171884
0.13818683
0.1357326
0.09133232
0.0752507
0.11796226
0.10377783
0.1108951
0.07456677
0.11003764
0.11378473
0.11130773
0.098954566
0.06704006
0.12428123
0.108857915
0.09484959
0.13724591
0.09682342
0.1258609
0.11416185
0.120705344
0.096602514
0.13432443
0.087913156
0.06698305
0.1340567
0.10090101
0.0985224
0.14196704
0.10267578
0.11813726
0.09132653
0.07972808
0.120142944
0.09079207
0.11577654
0.1321652
0.10360994
0.10550688
0.12418137
0.09422881
0.12042768
0.096668065
0.050616402
0.1268685
0.08569108
0.16309883
0.08935832
0.1080345
0.084831126
0.107654646
0.10220008
0.09618447
0.07553295
0.095500626
0.09859658
0.08484795
0.12526326
0.11242799
0.09976489
0.12355249
0.08549022
0.11856207
0.12057845
0.08872608
0.09548677
