-0.03208249
0.10642822
0.05934838
-0.16450556
0.077630244
-0.0277115
0.042176772
0.075375445
-0.19667254
0.021173231
-0.19928761
0.22823931
-0.06349946
0.3040144
-0.18869768
0.13981476
-0.15666053
0.068968095
0.020338245
0.29783583
-0.09259075
0.23412651
-0.11202867
-0.07252962
0.0010054195
-0.01901364
-0.08215003
0.074876
-0.19975635
0.054776754
0.2525403
-0.13186409
0.12825704
0.05475416
-0.029939411
-0.041590203
0.24911742
-0.09963682
-0.09144432
0.0862243
-0.08398321
0.08193013
0.097018465
-0.03560629
-0.30017895
0.18758433
-0.19905326
0.3606555
-0.14710762
0.17755954
-0.100135125
0.19120912
-0.32311848
0.31227773
-0.1715116
0.22270785
-0.05247564
0.17579183
-0.22819994
0.25256675
0.071185924
-0.3040142
0.1786511
0.088025965
0.06902589
-0.06618002
0.25054136
-0.12437108
-0.08609599
0.256666
-0.2347217
0.058940254
0.15161559
0.025087293
-0.10737451
0.19889288
-0.20528468
0.09854992
0.094842166
0.36261895
-0.051004164
0.15211208
-0.21999937
0.19814247
-0.09193056
0.11249797
0.053156294
-0.027590701
-0.18925229
0.1292696
0.12765792
-0.28674024
0.2863632
0.003902027
0.14869258
-0.39185435
0.15873834
-0.26956695
0.25290918
0.099710375
0.15739074
-0.2781339
0.07490798
0.14484754
0.21455586
0.029021187
0.03579
-0.20409483
0.17484148
0.13163687
0.08477823
0.14820935
0.15600094
-0.34806007
0.20907943
0.13270476
0.014485846
0.10659168
0.31618378
-0.1666897
0.024897244
-0.36102158
0.16970322
-0.07522255
0.27117753
-0.16351208
0.28172237
-0.16068935
0.20090652
0.08729395
0.22893414
-0.35814244
0.19127707
-0.06575185
0.13599248
0.15990306
0.20363179
-0.45523626
0.34008
0.26566854
0.25026467
-0.065855324
0.33629835
-0.23881486
0.19597009
0.16891018
0.0343223
-0.16787054
0.26327488
-0.111875415
