-0.16753764
0.16916072
-0.09029387
-0.11770047
-0.12219207
-0.24165152
0.20097342
-0.041985806
-0.026327673
-0.098926604
0.018614816
-0.04095469
0.03173747
0.12534587
-0.23674591
0.14000548
0.10055707
-0.20954485
-0.1702719
0.22597125
0.06470744
0.018122416
-0.05540076
-0.11809524
0.042516463
-0.03769273
-0.03828199
-0.2549144
0.12343125
0.09484123
0.12613706
-0.1667747
-0.12292176
0.17475949
-0.08453618
0.042149253
0.10010372
-0.077467754
0.028875478
0.08078594
-0.18784016
0.14064759
0.14374284
0.059926108
-0.13810013
0.12706694
-0.25336358
-0.04963408
-0.025462098
-0.10300278
0.0028625673
0.0060484735
-0.083314024
-0.23067078
-0.108033076
-0.09534181
-0.020956181
0.09323914
-0.08216816
-0.1328523
-0.073749475
-0.14238869
-0.074542575
0.13139793
-0.12176587
0.0066889
-0.1471149
0.16625634
-0.030231893
-0.009816795
0.0012316918
0.2124252
0.13302916
0.19985329
0.046041448
0.13841306
-0.14522873
0.012930023
0.05499524
-0.1681177
-0.018052407
0.15859754
-0.119539216
-0.27748296
-0.19557555
-0.3074051
0.08606266
0.018606491
-0.045758344
-0.11715919
0.040593214
0.3180622
0.03565394
-0.069524035
0.16859041
0.1653698
-0.028384631
-0.15119079
-0.028922554
-0.107337244
0.06749495
0.064596005
0.22622918
-0.018561853
0.08451565
0.1130297
0.0699687
0.041492715
-0.075707845
0.20433183
0.08591172
0.14076924
-0.029236598
0.0023030448
-0.026959881
0.030961324
-0.050869253
0.07609969
-0.23999706
0.037781816
0.04118691
0.052485425
0.19260962
-0.028542755
-0.054940067
0.1003241
0.08654787
0.033809528
-0.18718316
0.07173533
0.01614607
0.05964658
0.11677251
-0.08703166
0.107721515
0.01192355
0.082513735
0.073529035
-0.03346643
0.007689922
-0.08159806
0.27734604
-0.14031751
0.011354651
-8.377958e-05
0.036147997
-0.09861273
-0.018759392
-0.0062162206
0.12551184
0.07617248
0.16556293
-0.02154104
0.012904079
0.018815214
-0.08988296
-0.12977178
-0.06177848
-0.0059458995
-0.030590836
-0.19061801
0.010529637
0.092086695
0.0055120178
-0.056382
0.20346503
0.16404824
-0.048555993
0.12551437
0.18396151
-0.16033842
0.041619245
-0.047211308
-0.105181135
0.018363154
-0.06392032
0.06385228
-0.023528632
-0.033886995
-0.2883956
-0.19462621
-0.16072401
0.033877745
-0.29892564
-0.08983977
0.07448215
0.013851046
0.07194666
-0.10919916
-0.014652036
0.29915598
-0.12131671
-0.030750785
0.12709102
0.17401436
-0.013245874
-0.13723725
0.014992061
0.14002469
0.13788143
0.07555674
-0.08027375
0.00890128
-0.072804786
0.05022883
-0.13556409
-0.075352535
0.13701022
0.09757634
-0.01702391
-0.22662473
0.044856545
-0.05091546
0.052306615
-0.32878804
-0.06850042
0.13779305
0.13114469
0.044536144
0.020609783
-0.137007
0.22340369
0.09641468
-0.22004034
-0.061323166
0.13351062
0.033627283
-0.06965857
-0.033513647
-0.06616286
0.17314817
0.06077723
0.112022586
-0.03671735
0.09574908
0.062698714
0.16156518
0.11103058
-0.1833305
0.1343372
0.13168287
0.11892514
0.00279735
0.031059705
-0.09579215
0.30929038
0.0027009216
-0.028940579
-0.093627095
-0.0120114125
0.091197826
0.01282035
0.0027480586
0.20090592
-0.09627505
0.029992968
-0.20003341
0.07335918
0.16136144
0.20052625
0.03837295
0.0049283556
0.024189282
0.029939847
0.23642491
-0.03347932
-0.1190307
-0.13216686
-0.017428964
-0.10354253
0.021328911
-0.11877248
-0.10899119
-0.16071202
-0.2071938
0.06244481
-0.16020899
-0.056712274
0.00798494
-0.17785865
0.09548889
-0.075872965
0.2007982
0.31671342
-0.12651573
0.10386172
0.30915526
-0.19459257
0.11904452
0.030561524
-0.050795853
-0.13509907
-0.009627583
0.11410253
-0.08990676
0.17875025
0.13716035
0.031496964
0.0068046623
-0.08594161
-0.14068155
0.020162972
-0.12497743
0.0048334226
-0.0075290226
0.05890295
-0.107211925
0.05137737
0.09582357
-0.1585278
-0.27354142
-0.06511427
-0.18667434
0.17800398
-0.0059910947
0.029148128
0.0623593
-0.20966087
-0.022064384
-0.084638014
-0.053104848
0.19006948
0.046768226
0.10710665
-0.04425484
0.04069791
0.054911222
-0.03037441
0.18587908
0.033122677
0.068147875
-0.061908413
0.028548764
-0.1526629
0.002529147
0.13411815
-0.16061562
0.1175516
0.017082369
-0.08242778
-0.041293338
0.012592893
-0.13452797
-0.0065686842
0.08205879
0.1292312
0.00057339994
-0.0070609595
-0.07320394
0.2642073
0.22424603
-0.08308592
-0.025746526
0.09140596
0.18309987
0.08473486
-0.041585974
-0.043971803
-0.07269884
-0.01298214
0.124236986
-0.035808355
-0.1518144
-0.071648285
-0.0043131206
-0.22027573
0.011349899
0.13963905
-0.04533226
-0.115752466
-0.044945985
0.026940951
-0.1490351
-0.1460598
-0.015289092
-0.081956014
-0.02087585
0.00277557
-0.04250529
0.14386824
0.07803564
-0.030068813
0.21043909
0.04382296
-0.10961813
0.09032702
0.06489949
-0.050923526
-0.015409418
0.13614039
-0.13096699
0.06285034
0.028893817
0.17215553
0.19525965
-0.083499104
-0.09048148
-0.039050728
0.016562894
0.024234043
-0.10770375
0.011670321
-0.21168987
-0.027846504
0.21691343
0.034901656
-0.103868015
0.049086608
-0.23127304
0.19792499
0.17159772
0.007528013
-0.13477564
-0.0693576
-0.009226377
-0.12869722
-0.21893036
0.061768208
-0.011470644
0.17637965
0.053541567
-0.025199667
0.06898857
-0.032074325
0.25755963
0.05000582
0.068995215
-0.13585512
-0.046407163
-0.10585072
-0.07946943
0.044702932
-0.25946435
0.037859984
0.07421404
0.048708536
0.034864355
-0.011097879
-0.24301688
0.09774387
0.016027188
0.06764966
0.046252325
0.12297178
-0.0597759
-0.07364271
-0.07529429
0.07187608
0.015270946
0.049467973
0.17267688
-0.09683259
0.09459001
-0.004964975
-0.04215549
-0.0033403456
0.19132632
-0.17205821
0.009585383
-0.118930936
-0.07850671
-0.08459195
-0.23819497
0.122402355
-0.12232099
-0.2087451
0.042532
0.14356323
0.08335599
-0.045813616
0.0019476857
0.01252
-0.08569361
-0.14272326
0.07939965
0.09212488
0.03846318
0.04854335
0.10555079
-0.18921703
-0.16778594
-0.10699302
0.1431872
0.099177435
0.04470001
-0.07683298
-0.029442884
0.14510687
0.05476601
0.061702345
-0.23098083
0.17286345
0.06784664
0.06576702
0.03227626
0.22150758
0.034292635
0.12568632
-0.13531446
0.12443356
0.18084574
0.07352181
0.14373131
-0.2049313
-0.02206267
-0.021728326
-0.21407251
-0.083624296
0.048299126
0.017305927
0.14978512
-0.044895742
0.015719252
-0.029951654
-0.04298578
0.06204218
-0.07489184
-0.07525379
-0.23017253
0.24265288
-0.1680006
0.07278497
-0.21557203
0.1533202
-0.00022685475
0.24919036
-0.12664872
-0.13786817
-0.11867306
0.08731244
0.07408287
-0.037853386
0.13392758
-0.13148072
0.035432093
0.031431705
0.06929397
-0.01110411
-0.047054507
-0.11287039
-0.02493454
-0.15960923
-0.07292456
0.12690057
0.013507237
-0.025795776
0.2552359
-0.07326208
-0.14248444
-0.028960777
-0.115976706
0.08582677
-0.03819327
0.042195003
-0.12671955
0.081220865
-0.026232004
0.035635926
0.13939093
-0.20861584
0.24560687
0.074419394
0.05012143
-0.23147023
-0.08851109
-0.197853
0.20608559
0.021895736
-0.06728162
0.06540897
0.043010604
0.19042969
0.08760691
0.3327893
-0.00782545
0.030761898
-0.10276428
0.015026785
0.1026108
0.14743483
0.028590456
0.024676703
0.014271048
0.017546834
0.018293671
-0.07964976
-0.027427958
0.23607059
0.0554025
-0.0046346136
-0.054641675
0.047323663
-0.08354991
0.24711744
-0.21189573
-0.0083473595
0.29125556
0.012992367
0.056024082
-0.008950861
0.025235226
0.022902705
0.07837495
-0.21161257
0.034226872
0.18932077
0.09371874
0.022483408
-0.10147527
-0.13622026
0.21838695
-0.13325894
-0.03562599
-0.0081554875
-0.058258496
0.07679738
0.07525855
0.027371928
-0.22774103
0.035154816
-0.021094088
0.030544696
-0.041429557
0.17605367
-0.056838233
0.065960854
-0.009305152
0.040798753
-0.04560586
0.12891664
-0.06494949
0.19769324
0.07175155
0.03521412
0.092952475
-0.08866008
-0.13435012
0.0065737786
-0.038538523
-0.019025967
-0.19391248
0.0669331
0.22161186
-0.12040982
-0.12182778
-0.08659021
-0.17627637
-0.04875768
-0.06747776
-0.021640796
-0.083401754
-0.021778956
-0.08612697
-0.17668857
0.11916472
0.008806376
0.2419666
-0.004578165
0.10631566
-0.3861039
-0.12896591
-0.20312561
0.04258509
-0.09451774
-0.006610232
0.064517915
0.17162342
-0.16929117
-0.2555029
0.10760184
0.2225574
0.091874264
-0.17751743
-0.07581945
0.023515377
-0.06615647
0.10501625
0.07335656
0.116292834
0.034122616
-0.043215714
0.0147174895
-0.04754202
0.052009005
0.26130417
0.039731994
-0.2564632
0.17127298
-0.022046955
0.07773111
-0.22154123
0.051596552
0.06611211
-0.23291111
0.0457159
-0.17257999
-0.10529239
0.29127812
0.17474014
0.04130343
0.032522287
0.21809651
-0.055680793
-0.08531633
-0.20312381
-0.038353838
0.1755891
-0.002856484
0.07651461
-0.17035033
0.3176734
-0.05437171
0.04522584
-0.049320318
-0.0989418
0.08064031
0.15672192
0.022136362
-0.010968721
0.12545104
-0.06486444
0.018305155
0.15229619
-0.0047793724
-0.15952832
0.2768078
0.017117966
0.053260915
-0.03041781
0.1587007
0.02172567
-0.24398379
0.14483589
0.06279061
-0.15860747
0.015971793
-0.18581006
-0.08895147
0.10238879
-0.056939546
0.114473395
-0.05401302
0.04132356
0.018668683
0.030287366
0.025939357
-0.14617066
0.16869615
-0.06873847
-0.060633656
0.01843947
0.124841966
0.25850347
-0.10061902
0.2398329
-0.07054945
-0.10546441
-0.35606238
-0.25500548
0.17017674
-0.022875724
-0.079857804
-0.025892576
0.075009175
-0.21648522
-0.011413693
0.3229131
0.0772894
-0.18944398
-0.039416872
0.035258483
0.0124554755
-0.2289596
0.13592014
0.048976865
0.04328532
-0.025810381
-0.030820865
0.015475381
-0.1475062
-0.05828844
-0.012222001
-0.25696924
0.11246637
-0.04496104
0.16370493
-0.07367292
0.051345795
-0.05886532
-0.015755078
-0.12176748
-0.008427987
-0.105594
0.23899318
-0.020337176
-0.15614243
-0.009974454
-0.03508728
-0.052843247
-0.2821018
-0.10561951
0.092949875
0.22679444
-0.09980638
0.13522618
-0.11529523
0.15613951
-0.12673387
0.04617716
0.0031032362
0.02039581
0.010349377
0.24463575
-0.11668475
-0.082595274
-0.026697198
-0.017959248
0.053940922
0.13002424
0.07430962
0.121494
0.04146576
-0.03835726
-0.017570183
0.11393813
0.22432175
-0.07143037
-0.19292039
-0.17717423
0.12574206
0.020608893
0.017217902
-0.043847017
0.0065451553
0.06659378
-0.062252663
0.061164267
-0.052535202
0.08643299
0.07130528
-0.041375563
-0.09284889
-0.08837514
-0.036710344
0.1483857
-0.15176618
0.02055709
0.099396884
0.117061615
-0.14205232
0.1991198
-0.26495698
0.045411516
0.039812576
-0.21716973
0.13362546
0.10465492
-0.11761048
0.027402204
-0.012456757
-0.2626325
-0.18620406
0.1481453
0.036012895
-0.12400524
0.041818783
0.22235528
0.1908158
-0.049529005
-0.025723549
0.051255956
0.007422531
-0.10451256
0.24254896
-0.004132046
-0.0022868835
-0.19626002
-0.100361116
-0.24204028
0.039305944
-0.104245625
0.16603543
-0.04479596
0.1015177
0.15048076
0.0034874817
0.06882653
-0.19925183
-0.028632384
0.1120245
0.112609155
0.032556225
0.07493041
-0.26040375
0.06259538
-0.13762759
-0.07904855
-0.050324727
0.008525647
0.11699019
-0.15732327
0.047767807
-0.080377
-0.039743397
-0.067259714
0.08363605
-0.026876586
0.13060789
-0.15406305
0.08284364
0.009048985
0.12545262
-0.037327956
-0.10600937
-0.03798764
-0.15765922
0.109778605
-0.06418807
-0.24356745
-0.08203237
0.056059558
0.16836803
-0.13207148
0.10374023
0.10124974
-0.21824805
-0.03597997
-0.12798782
0.011127391
-0.04925275
0.010396938
0.05663704
0.0764788
-0.08708986
-0.039278008
-0.063643076
-0.24459964
-0.13688709
0.044609074
0.11198902
-0.25665066
0.016604176
0.20843796
0.09549422
-0.059969597
-0.042695694
0.16810994
0.046002023
-0.19412167
0.06846509
-0.10260049
0.1115673
0.18769085
-0.19621308
0.007893509
0.13935721
0.099278
-0.21777341
0.046952505
0.06962155
0.0348122
0.0018602526
-0.12864622
0.11058142
-0.0106816655
-0.17302075
-0.14274949
-0.021149574
-0.018981306
-0.20261186
0.17211759
-0.0050421664
0.10249181
0.054674227
-0.1209476
0.090780266
-0.22980243
0.1635396
-0.07666647
0.14998943
0.22271164
0.11600057
-0.03547799
-0.096435905
0.049872812
0.03203136
-0.20925947
-0.14149448
0.03441636
0.102579616
0.056064665
0.1084367
0.18004207
-0.15676776
-0.11932771
-0.09523505
-0.09810085
-0.09210095
0.071133435
0.14608505
-0.19987994
-0.08092562
0.05861748
0.02836697
0.12639691
0.16166645
0.06599752
-0.08875994
-0.17254649
0.023222523
0.08523788
0.0023043002
-0.06399636
0.096643604
-0.033531293
0.085236646
0.16639586
0.08495616
-0.04884098
0.045481697
0.10761576
0.0013144911
0.01348258
0.21203741
0.07455614
-0.12565486
0.04576243
-0.23240687
-0.16342106
-0.11282671
-0.020789452
-0.12401323
-0.12217587
-0.07127431
0.052903537
0.09209351
-0.28974536
-0.037195653
0.059074156
0.0552471
0.07474605
-0.114990264
0.12633026
-0.25287488
-0.31896332
-0.18301864
-0.0770837
0.108045526
-0.2780465
0.0012837955
0.06626977
0.08155096
0.16111645
0.08417939
-0.02090637
0.22606103
0.18343191
-0.17594662
0.058382716
0.06544218
0.11881107
0.11190787
0.14290144
0.16510403
0.17790931
-0.00487634
-0.15501797
0.17638938
-0.028220989
-0.09181118
-0.05560385
-0.032957606
-0.026633337
0.06341629
-0.20647833
-0.029057026
0.26961932
0.05447716
0.07589083
-0.08149511
-0.031718384
0.07672932
-0.07384028
-0.08894682
0.22079049
0.21902312
0.054069363
-0.02570849
0.19280568
-0.18621759
-0.11709476
0.029374218
-0.08463869
0.04129961
-0.10102208
-0.030217562
-3.4750105e-05
-0.16209346
-0.009376918
-0.0108862305
-0.13832581
-0.047325585
-0.023470243
-0.07746712
-0.015394911
0.032936484
0.11609547
0.042874016
0.010190098
0.10813672
0.15457246
0.01316815
0.15787624
0.17332195
-0.19722226
0.029659782
-0.027617976
0.062726945
-0.07693363
0.020068983
0.14454891
-0.113409184
-0.05305606
-0.11909679
-0.26402494
-0.116458304
-0.2787248
0.20437871
0.002520547
-0.07249603
0.07568227
0.011383505
-0.28772518
0.047059722
0.10989686
-0.037966345
-0.05395194
-0.024191646
0.30956122
-0.33082247
-0.28004268
-0.20783922
-0.04029007
0.06303875
-0.26317924
-0.076380216
0.34263787
-0.07988362
-0.04080289
0.0038315952
0.05500518
0.17470504
0.12265633
-0.024987614
0.017974015
-0.059317894
0.16062102
0.024979739
0.061434783
0.22441156
-0.04939127
0.049268067
-0.2419759
0.12572491
0.19267504
-0.020725548
0.07838524
-0.07575734
-0.041829165
0.023573726
0.049256954
0.1457807
-0.13359544
-0.10540096
0.16469602
-0.10769655
0.07997427
0.24012524
-0.059728447
-0.19430889
0.17953934
0.16930057
-0.10888782
0.0004854974
0.015443471
-0.22465023
-0.10919737
0.08688113
-0.04810441
0.049237292
-0.03464681
0.056593563
0.019817663
-0.04942087
0.047433887
0.011290915
0.05243462
0.08946874
0.067772634
-0.105005875
-0.014728677
0.075404026
0.0315159
0.097653754
-0.09081277
0.09746549
0.11424924
0.17643926
-0.019249875
0.13937433
-0.04733022
0.021831335
0.0540669
0.022577263
-0.2760988
-0.03903334
0.20506276
-0.2856351
-0.14869013
-0.058311325
0.10583192
-0.1237081
-0.37445974
0.16457865
-0.19973396
0.05321156
-0.10279199
0.21514641
-0.1832833
-0.0012655566
0.089849584
-0.14609164
0.036545765
0.09770679
0.19991937
0.01897
-0.41119927
0.06060658
0.026820742
0.3791009
-0.17881194
-0.2080029
0.31326917
-0.17884153
-0.17980334
-0.13848655
0.0705161
0.17565972
-0.066787414
0.05960007
-0.0068014124
0.07534657
-0.07566028
-0.20714194
-0.016456071
0.00065765064
-0.1709655
0.13056579
-0.13375357
0.16285236
0.25382534
0.07427468
-0.098190404
-0.012657417
0.082957484
0.2632398
0.033860873
0.07767482
-0.15036286
-0.03586941
-0.06478299
-0.022711564
0.096258126
0.19019973
0.1130971
-0.15810129
-0.24257907
-0.045101054
-0.00016200979
0.049039926
-0.06102808
-0.044911914
0.06516197
0.028788334
0.069703944
0.19387648
0.15392175
0.06552726
-0.050367538
-0.1279178
-0.11670007
0.07219089
0.25562942
0.07357985
0.10459984
0.035202365
-0.23236747
0.04497286
0.052718803
-0.05475866
-0.19352116
-0.18617345
0.17698559
-0.002393442
0.0693894
0.30093142
0.08422024
0.037396714
-0.09027624
-0.004605596
-0.2305639
0.1057491
0.18861693
0.0999658
0.03530914
-0.15421207
-0.13326274
0.109987274
0.035302024
0.19287656
-0.056635305
-0.15668535
-0.14369245
0.17540556
0.25878194
-0.06722972
-0.013565527
0.093763076
-0.007932648
-0.08981352
0.26856804
-0.05130097
-0.1568981
0.20258316
-0.005034175
0.2699672
-0.061943695
-0.30052415
0.13878737
-0.009038998
-0.3165522
-0.17096256
-0.0735169
0.11019566
-0.106142454
0.039065246
-0.020290716
0.077431925
0.075282626
-0.12882908
0.21876155
-0.080652654
-0.12481976
0.13085379
0.0043742573
0.06744473
-0.057737302
-0.20081367
-0.101220675
0.041963104
0.16206124
-0.09943763
-0.020407954
0.009432355
0.1384677
-0.012121479
-0.23857248
-0.24309409
0.037946664
-0.11320705
-0.071760274
0.0067599793
-0.0786773
-0.088278495
0.002448387
0.022272961
0.014646262
0.2090615
-0.09604213
0.035890963
0.0183867
-0.018443823
-0.07832114
0.031735
-0.028321397
-0.0954289
0.07639634
0.14024165
0.04875075
0.24275541
0.11256775
0.085332915
-0.12231278
0.06621238
0.11163202
0.14033
0.02161097
-0.08444624
0.005706684
-0.029224228
-0.09432283
0.26629323
-0.07377248
0.11235817
0.012050483
-0.23902577
-0.062059626
0.12225553
-0.024131456
0.019483496
-0.16385023
0.15772215
-0.13301383
-0.042435877
0.09213718
0.16179685
-0.12600708
-0.003014657
-0.037021518
0.1495105
0.11183531
0.03132579
0.22664402
-0.04680143
0.1667903
-0.0943439
0.27717733
0.027430274
0.052115344
0.029188382
-0.022316452
0.011902322
0.25015998
-0.27573618
0.03523769
-0.039122045
0.07955004
-0.19025551
0.047713913
0.05624673
0.070105225
0.116210386
-0.19260363
0.12324797
0.050721005
0.11613268
0.050771903
0.09583354
-0.035768654
-0.13563147
0.046803102
-0.0023906955
-0.12373352
-0.07025878
0.021849908
0.056360602
-0.16024205
0.07019641
-0.10083372
0.03998058
0.1328144
0.07953117
-0.21258272
-0.013379508
0.09546289
0.15398116
0.050664686
-0.041780222
-0.16484092
-0.07485747
0.14439347
0.07426407
-0.002005025
0.012730507
0.081994474
0.04024715
-0.17681044
-0.14976592
0.15170474
-0.12511955
-0.20286728
-0.05135861
0.05858087
-0.08089638
0.045631535
0.01329882
-0.06432787
-0.08113432
-0.10653084
0.07382049
0.15365596
-0.07590969
0.18462901
0.048771743
-0.13827571
0.11246678
0.10139268
-0.08562352
-0.21823408
0.031745773
0.12282345
-0.113417394
0.12291779
-0.071628205
0.13078739
-0.031260453
-0.1671838
-0.10119779
-0.262946
-0.130527
0.08423898
-0.018683199
-0.19159548
0.14590636
0.21928827
-0.1553293
0.064505816
0.19792287
0.053734906
0.021545898
-0.026389103
-0.16654289
0.22546874
0.07269119
-0.40163139
-0.07652034
-0.02878158
-0.08811626
-0.109538525
-0.009653427
-0.00043349626
0.088200696
-0.0032030167
-0.15849034
0.02045978
0.25085002
0.10637244
-0.24949996
0.05741575
0.016822461
0.09273914
0.018934404
0.015340093
-0.08721313
0.1299317
-0.06987731
0.10516116
-0.11241208
-0.06792578
0.16643605
-0.11158174
0.026202472
-0.17947115
0.0033757843
0.07409005
0.05409565
0.20712918
0.116315626
0.107750185
0.09584312
0.017130125
0.07165263
-0.024086038
0.059673678
0.042515203
0.10215393
-0.24504474
0.038744975
0.10685116
-0.15394327
-0.0748695
0.09177653
-0.12847646
-0.1574826
-0.062318202
0.030597115
0.010536719
-0.11622139
0.18799914
-0.01444722
0.11143784
-0.15741381
-0.07469605
-0.11950534
0.15391631
0.018514734
-0.13802996
0.10667536
0.20388132
0.10431712
-0.10358285
0.06655157
0.059750214
-0.08776089
-0.15910535
0.1437206
-0.08744687
0.15892603
-0.06250344
0.18596677
0.19120142
-0.26385206
-0.12366111
-0.07394755
-0.1532551
-0.05197787
-0.12584493
0.14498459
-0.010349783
-0.012520901
0.124974824
-0.058223076
-0.19429551
-0.21649492
0.16762061
-0.12351894
0.0460931
0.062106624
0.029575309
0.08345404
-0.34816986
-0.056681924
0.11266937
0.17648034
-0.25510505
-0.10409
-0.10990369
0.10181069
-0.105635546
-0.08429012
-0.07895591
0.31830078
0.29351917
-0.20185566
0.019603865
-0.00035081734
0.17881666
0.112550996
-0.036839686
-0.14959486
0.0017959613
-0.1022599
0.09343641
0.12753807
0.11700645
-0.111047
-0.028946718
0.113103025
-0.12151937
0.09732804
0.008513145
-0.19677725
0.12639968
0.10009529
0.006352089
0.059090346
-0.078777954
-0.054786522
-0.09379028
0.012640787
0.21882354
0.26729548
0.005123839
0.085779116
0.16762963
-0.32085916
-0.015757171
-0.005159244
0.106441185
0.022060778
-0.07358191
-0.024372878
0.097666286
0.059331637
0.14984304
-0.06211111
-0.12219666
-0.06207301
-0.1053887
-0.030024417
-0.04425263
0.012793541
-0.15002243
-0.011558465
0.0044173445
0.10356283
0.102100894
0.027290575
0.007091511
-0.046656974
-0.027536301
0.0020170659
-0.009043232
0.14201121
-0.20741007
-0.058544047
0.0202272
-0.45124814
0.03412432
0.040107913
0.051768113
0.14384161
-0.21094923
0.0037645674
0.02476106
-0.08052844
0.023868708
0.05566399
-0.1901926
-0.08884638
0.13394348
-0.053094126
0.006187884
0.25728568
0.09028482
-0.056844402
0.06861089
0.16626282
-0.06896936
0.28161204
0.14094138
-0.13005458
-0.026278315
0.055175833
0.13455306
0.04416593
-0.07469175
0.19699234
0.009375677
-0.016035667
0.027317876
0.11440234
0.040071864
-0.058998473
0.16964766
-0.04939381
-0.007900266
0.029035747
-0.11894482
0.051146694
0.15780832
-0.027725967
0.16022426
0.0715093
0.04310881
0.22780205
-0.02186836
0.09951304
-0.22174089
-0.18895839
0.0024866255
0.13823685
0.13389947
-0.0011467957
-0.08266104
0.071444005
-0.05399316
-0.13132232
0.17989872
0.048904486
0.22822759
-0.1368794
0.08704049
0.18724309
0.03923731
0.03760053
-0.02112276
-0.15594724
0.08985849
-0.29637587
-0.055971004
0.08821981
0.20252006
0.19778346
0.05492624
-0.064504765
-0.11902429
0.005201874
0.083281666
-0.08887026
-0.2012486
-0.033364367
0.1092267
-0.02670303
-0.07205115
0.119730845
-0.00844953
0.06698646
-0.13532011
-0.06710516
0.017161943
-0.015310828
0.09773224
-0.19889453
0.05047989
-0.005809459
0.2109618
0.31541917
-0.102402575
0.021030912
0.013686708
-0.111669704
0.014448207
-0.019448468
0.06627093
0.020659128
-0.014253236
-0.06011405
0.017173667
0.04413472
-0.03376269
0.03220589
-0.044427563
0.13634984
0.1503561
0.23461936
0.08169908
-0.10242127
0.080786295
0.14324902
0.17061049
-0.2182544
0.16694055
0.11712084
0.18003191
0.21469067
0.13992779
-0.09231618
0.1948827
-0.1898691
0.012949373
0.08798654
-0.026915101
-0.04063113
0.029430112
0.22074613
-0.016254501
-0.055218846
0.13621274
0.019517064
0.10137272
0.15950726
0.19641559
-0.027002092
-0.21518615
-0.1901198
-0.012663898
0.06395578
-0.012682298
-0.022325234
-0.06611071
-0.23160373
-0.148364
-0.093475424
-0.02190401
0.026714727
0.12697685
0.07221197
0.09552269
0.14866233
0.096552275
0.088314064
0.064375095
-0.08549895
0.16351178
-0.12839898
0.0335851
-0.053402342
0.06455444
0.15505108
-0.024807433
0.15834323
0.00086666655
-0.026854249
-0.10352595
0.09832608
-0.1096004
-0.06565695
0.12260579
0.06189366
0.124622606
-0.068194754
-0.14158443
0.02019595
-0.10775942
-0.22604473
0.013865571
0.05302776
0.00648107
0.043969497
0.077906035
0.109028086
0.007336509
0.07767109
-0.10442548
0.102599815
-0.017564232
0.07563251
-0.11929536
0.10843197
0.037919007
0.0725063
-0.15675516
0.036495913
0.09124166
0.16578902
-0.21873584
0.11309425
0.1369404
0.13363366
-0.053514928
0.016160984
0.067286715
-0.2402112
0.12561814
0.23783672
0.07107769
-0.054790393
0.178356
0.1837945
0.11677815
-0.10872417
0.002480388
-0.03618488
0.10872302
0.0030692157
-0.11311297
-0.074800715
0.009855437
-0.068720035
0.10643652
-0.08000972
-0.006381874
0.03379695
0.18426988
0.0077270656
0.11230181
-0.06571897
0.1899756
-0.04142501
0.06868486
0.058251657
0.038652174
0.08436826
-0.018081684
0.1345615
0.03719916
-0.070551
-0.05824112
0.1489526
-0.13109732
-0.095809415
-0.1096872
0.08384644
0.03944056
0.038749672
0.056070425
-0.22866029
-0.10469856
0.020264305
-0.20943536
-0.006997118
0.170253
-0.03785606
0.03514038
0.14776875
-0.08489855
0.114294216
-0.034292355
-0.16559239
-0.1701043
-0.03383251
0.12954961
0.12653331
0.24590743
-0.030439544
0.036930326
-0.02316965
-0.01964384
-0.04661327
-0.068073615
-0.04065246
0.14754115
-0.047588322
0.044272143
0.08974695
0.0143237775
-0.13234706
-0.16148382
-0.4030325
0.1056844
-0.009493215
-0.13595878
-0.017387036
0.014587425
0.025733387
0.03552076
0.08425303
0.0768942
0.11348937
0.05913152
0.006911644
-0.006996347
0.053366117
-0.10183375
-0.03679593
0.09071749
-0.0020235651
0.15515627
-0.012960074
-0.058503978
0.20107399
0.056847382
0.048148256
-0.1593614
0.0058096307
0.08713885
-0.024808232
-0.10375851
0.0077147176
0.11045954
-0.008057557
-0.02810162
-0.060692493
0.02012482
0.043301832
0.26496488
-0.03402199
0.019694114
-0.015370782
0.14074287
-0.12879662
0.03724508
-0.22828935
-0.07785115
-0.049519602
0.14118512
0.06414205
-0.16523881
-0.13540496
-0.15420601
-0.044125322
-0.076863594
-0.12923601
0.020993775
-0.00067120587
-0.21709025
-0.076782316
0.12865268
0.2175141
0.115305
-0.106953345
0.11468938
-0.16342956
-0.12526636
-0.08548532
0.26308748
-0.0034969838
0.22377808
-0.12609997
0.04824448
-0.07878086
0.012002134
-0.041400135
-0.048861858
-0.06401175
-0.13308118
0.13846046
0.087034985
0.07620084
-0.036423247
0.002857195
0.16421762
0.2653254
0.10619427
-0.004395098
0.05497008
-0.057855695
-0.038725752
0.045628678
-0.006394326
-0.05266254
-0.0951499
0.010445922
-0.033649307
-0.1859251
-0.09533499
0.074207224
0.11236042
-0.02366867
0.25534847
-0.19255096
-0.03543043
0.03693837
-0.08655589
-0.033249885
0.053202417
-0.049711566
-0.028981972
0.16706324
0.025665864
0.19982885
-0.040907435
0.11231175
-0.021682145
-0.14331813
0.1802783
0.30638215
-0.06712348
-0.038942486
-0.060695376
0.11600083
0.07679283
-0.24619357
0.04587137
0.11675916
-0.07006702
-0.009526327
-0.17365438
-0.0075135767
-0.05831775
0.10817712
0.12709086
-0.08710157
-0.054366436
0.03168491
-0.09943464
-0.2195454
0.12586759
0.09968835
0.12139684
0.14322597
-0.040976077
0.090256244
0.036509484
0.036111604
-0.04964237
0.060274057
-0.177468
0.012733044
0.13000213
0.142894
0.1862539
0.029049851
0.15461329
-0.037434105
-0.13127771
0.09212383
0.15150072
-0.02955521
0.031426597
0.18954909
0.088767976
-0.11660563
0.054243185
-0.08517593
-0.13731748
-0.11424954
0.041323967
-0.18957429
0.10387587
-0.24116679
0.027178938
-0.010082101
0.020561337
-0.05939063
-0.10206451
-0.041301996
-0.0319267
0.20182791
-0.087628305
0.121623755
-0.14429098
0.090730436
0.03649599
0.06573534
0.13176404
-0.20117152
-0.030496495
0.11307793
0.05157817
-0.069239855
0.026757939
0.038812827
0.036076155
-0.12140776
0.022016596
-0.17297356
-0.19994682
-0.06160994
0.09956525
-0.05588471
0.260714
0.051580835
-0.12568374
-0.006999057
0.093924135
0.35805067
-0.20215459
0.00541761
0.057862323
-0.08502219
-0.022268347
0.19676444
0.07096107
-0.0971214
0.16201033
-0.051506706
0.10297807
-0.113999724
-0.021916918
-0.15244985
0.009444579
0.09802577
0.031642027
-0.15156248
0.1700213
0.043833006
0.06686032
-0.14915822
0.16934468
-0.020749014
-0.05688898
-0.08391317
0.023760956
0.19245918
-0.071334876
0.05125052
-0.050652377
0.05192413
-0.1478202
0.008408603
-0.16390747
0.028811831
-0.06773967
-0.10234931
0.2643606
-0.101270795
0.10011336
-0.07473659
0.06491885
-0.17835681
-0.028366359
0.14068802
0.090455085
-0.0046023265
-0.085298516
-0.12758486
0.10160513
0.07974621
0.013336967
-0.011015043
-0.014005096
0.025774768
-0.005837088
0.025630752
-0.026084663
-0.01720512
-0.14802198
0.10199494
-0.03126334
0.08823784
-0.021828681
-0.15990674
-0.09301286
0.1622266
0.05749522
-0.071849465
0.01150337
-0.072930366
0.06679886
-0.0108768
0.024773847
-0.10230866
-0.03445453
0.07582548
0.12963843
-0.07088852
0.01373134
-0.01006615
0.035188653
-0.07329067
0.13132565
0.08858407
-0.19536255
-0.15221494
0.057318874
-0.086866185
0.07603166
-0.018499749
0.12625441
0.224417
0.05348786
0.29616237
-0.2194634
0.06539858
0.059497654
-0.022375716
-0.19313627
0.15511279
0.036612276
-0.1384894
0.32232785
-0.015297599
0.19035943
-0.05669895
0.09908232
-0.164349
-0.029668724
-0.10848865
0.11708496
-0.14960389
0.08151654
-0.18055947
0.024443293
-0.124078296
-0.07993475
-0.02542842
-0.031626344
0.13291723
-0.14286625
0.3079666
-0.15664922
-0.11143056
-0.023311079
0.07465415
0.0222536
0.09306641
-0.036727406
-0.14354576
-0.14049077
-0.11122172
-0.103043996
0.06261748
-0.009523436
-0.03187748
-0.0037689994
-0.2433176
0.16732092
-0.08418925
0.20585817
0.04975582
0.055194795
-0.104158215
-0.068881646
-0.20790449
0.014448827
-0.17380585
0.016428638
0.2296664
0.07754453
0.0026991074
0.047863044
0.11310924
-0.07460774
0.08961074
0.090079315
0.029758615
-0.0022303602
-0.031978466
-0.17742741
-0.134554
-0.018646255
0.053961046
-0.05023617
-0.08104355
-0.03785076
-0.09945203
-0.0954029
-0.020966506
-0.058620095
-0.08671394
0.031952884
0.023460194
-0.09040888
-0.19946557
0.02984441
0.18263572
0.019323152
-0.0010774528
0.054904725
0.16271232
0.18149886
-0.14233527
0.1682675
0.255272
0.020821914
0.16192505
0.19128129
-0.0011506206
-0.10638234
-0.0703773
-0.020106368
-0.013381794
0.03806615
-0.047206223
0.08289892
-0.21517476
0.1187437
0.028600411
