0.027761059
0.09719627
0.2031426
0.07833714
-0.15832329
0.09455978
0.049336188
-0.16023955
0.10537384
-0.14233376
0.2179946
-0.22210987
0.15823759
-0.066389985
0.15603375
-0.011205937
0.042422898
-0.13805653
0.009383739
-0.13092594
-0.05185816
0.040368956
-0.004468883
0.10547551
-0.1316929
0.044608146
-0.04315456
-0.055127084
0.046693485
0.0023521339
-0.058982633
-0.18729523
0.10010801
-0.0346977
-0.24907123
-0.14065914
-0.01740615
-0.25350514
0.033662718
0.19930165
-0.18557043
-0.13803159
0.13748935
0.06623881
0.1488765
0.019656816
0.12854934
0.04464889
0.16308172
0.111675814
-0.08110131
-0.054123864
-0.04222643
0.21883984
-0.19133814
-0.04964299
-0.25480208
-0.018857699
-0.049152546
-0.16312106
-0.048649266
0.10568464
0.037632823
-0.032027733
-0.15203838
-0.051654734
-0.2558245
-0.07505012
0.052927177
0.055923432
0.2492546
-0.042608093
-0.31483188
0.03951571
-0.02047304
-0.00016067926
0.067923084
0.0937104
0.1629926
-0.05219435
0.118806645
0.2065598
-0.20641991
-0.17977816
0.042182896
0.11913837
0.16987847
-0.09008419
-0.2788207
0.10392022
-0.0069448147
0.075891495
-0.099532664
0.20233992
0.013213838
-0.18725918
-0.10212092
-0.07123322
0.15522979
0.14717619
-0.0403265
-0.06754318
-0.07459219
-0.1011046
-0.3617949
0.18652485
0.012625218
0.12499687
-0.14433756
0.021631181
-0.2673957
0.16596018
-0.1964321
0.20106822
0.16374248
-0.2470095
-0.05430851
0.19280937
0.106428474
-0.14966275
0.10111865
0.31644705
-0.21398468
-0.30949152
-0.15919116
0.04034773
-0.20308122
0.14563094
-0.027912172
0.044609405
-0.16503723
0.08357607
-0.24494494
0.09895859
0.09791658
-0.03534705
0.011223161
-0.06973478
0.06724746
0.09386557
0.063817225
-0.068727076
-0.01864237
-0.03989988
-0.037371777
0.06187188
0.10597752
0.13370156
0.046692234
0.17763403
0.0711294
-0.1416806
-0.049752943
-0.083907165
0.07817064
-0.08555455
0.13963395
-0.28005713
-0.14694181
-0.12882487
-0.051420536
-0.14859518
0.025881907
-0.10230817
0.11494445
0.025494596
-0.03271879
0.199344
-0.13801397
-0.049122818
0.046914835
-0.23303758
-0.020319657
0.058919676
-0.046934944
-0.06198074
-0.17824286
0.029240048
-0.11479264
0.17649122
0.2108359
-0.16617978
-0.13263355
0.11844358
0.04391421
0.11842247
-0.10202611
-0.0021699325
0.1543262
0.12461874
0.040400337
-0.05908987
0.15676348
-0.005133436
0.088849366
-0.026628325
-0.11383181
-0.140377
0.049268432
-0.121170424
-0.15599352
-0.036473166
-0.09405363
0.09250113
0.051561564
-0.022638962
-0.16914967
0.051446006
0.008643575
0.022139667
0.016549958
-0.04446426
0.084709525
0.08692787
0.13271077
-0.17137364
-0.008824276
0.13520588
0.130434
0.0039803237
0.080524065
0.11087823
0.08982216
-0.16166434
-0.039797958
0.24377002
0.053432208
-0.1294963
-0.15720367
0.018904328
-0.11606065
0.11676132
0.11490727
-0.06506706
0.012230807
-0.1837803
-0.3752148
0.06615546
-0.09275535
0.11887987
-0.11646621
-0.22399805
0.15672864
-0.015815046
0.06115557
-0.092940874
-0.14070424
0.21564952
-0.20516041
-0.28754973
0.05279033
-0.017629975
0.17749773
0.18911068
-0.36142656
-0.041654173
0.17078887
-0.14313538
-0.1283978
0.014441853
0.021607485
0.08529802
0.19368549
0.024701672
0.08856052
-0.22219221
-0.091324665
0.17179619
-0.15754656
-0.16971335
-0.23722959
0.20753795
0.03131564
0.15170886
-0.13750854
0.015480092
0.18665566
0.20937268
-0.12669744
-0.2745013
-0.1624624
-0.23347273
0.074863754
0.1036659
-0.0886815
0.029009802
-0.042477995
-0.14021428
0.22077928
-0.07597592
0.004543902
0.00029976372
0.142158
-0.09199638
-0.084504746
-0.053654093
-0.014278276
0.07957274
-0.21925549
-0.1647872
0.12873313
-0.0736458
-0.18566096
-0.17122751
-0.19516897
0.019740837
0.1555822
-0.072290875
0.17423618
0.08399117
-0.1194641
-0.08789823
-0.21387972
0.00827312
-0.05872101
0.05530967
-0.03966557
-0.09097006
0.07772903
-0.18790697
0.10422917
-0.25255325
0.007095179
0.21385168
0.13120939
0.16193044
-0.25794956
0.084959865
-0.06526731
-0.20412819
0.17869508
-0.11282693
0.057251982
0.002789316
-0.27683428
0.13794437
0.041703716
-0.1873547
0.09481372
0.06588542
0.09775811
-0.23379022
-0.049883943
-0.038329143
0.055243365
-0.21381871
-0.08379535
-0.12955967
0.008965819
0.19356695
0.18141194
0.27753696
-0.13632916
-0.13295844
0.08913722
-0.03436382
-0.17951712
0.007243701
0.09712959
0.09141928
-0.05573583
-0.08746396
-0.18853027
-0.12070651
-0.15420887
0.18651246
0.016645791
0.075904526
-0.037579738
-0.096730545
0.009923394
-0.16248237
0.031185757
-0.07678395
0.12033276
-0.16482227
0.13484213
-0.05466734
0.1863995
0.033480704
-0.17672978
0.09237267
-0.036465928
-0.016071629
-0.23071979
0.06457654
-0.01263831
0.09301869
-0.13216755
-0.049151797
0.014332192
0.0009209741
0.074745424
0.08815008
-0.24559423
0.15730992
-0.09885377
0.10073456
0.023508485
-0.20119892
-0.008694472
0.15767676
0.17669076
0.16591422
-0.033636574
-0.19485669
0.13199313
0.031155664
0.03672366
-0.030447612
0.071868405
-0.00334849
0.06846863
-0.016891249
-0.10430665
0.014343662
-0.13338941
0.0008988544
-0.020729452
0.0381752
0.15983208
-0.06332782
0.09071832
0.059069794
0.13620064
-0.016466627
-0.023178725
-0.037316557
-0.1457267
0.1037155
0.15380672
-0.024037935
0.15435572
-0.08923852
-0.18913557
0.056478422
0.1955868
-0.043701366
0.037474457
-0.27882296
0.18645345
-0.17439899
0.053749967
-0.092849284
-0.05058849
-0.27105173
-0.011346677
0.047301672
-0.012375124
0.074078165
-0.19040464
0.004044848
0.0036961355
0.047325466
0.14607479
0.19200855
0.1483034
-0.23287235
-0.14654693
0.08143312
-0.23167863
0.15248555
-0.0031491665
0.06884762
0.04620231
-0.04092052
-0.26167083
0.047524527
-0.26743817
0.13363738
-0.16889487
-0.1481886
-0.14183092
-0.0776502
0.105079204
0.03881371
-0.05882657
0.020477245
0.079691544
0.12819582
-0.047791176
0.09726651
-0.033409107
0.010570782
-0.2408514
0.05106206
-0.11632742
0.055665053
-0.07905252
0.18363643
-0.10340231
-0.08527308
-0.09009632
0.0009593956
-0.10629748
-0.03289521
0.16783291
-0.14168558
0.063360296
0.07617388
-0.09588874
0.0065575712
-0.0478075
0.022492247
-0.051773753
-0.27015126
0.12598029
0.05534929
-0.15527447
-0.029239183
-0.12183882
-0.041282408
0.043227572
-0.04199452
-0.11568317
0.15375152
0.07791986
0.04812677
-0.111244306
0.0073680663
0.16105537
0.19660653
0.015490731
-0.03904473
0.15608844
-0.14266726
-0.018158885
-0.23980182
0.048159998
-0.1936874
0.009319085
0.1312961
0.116452515
0.09070508
0.24668771
0.0047625564
-0.1542617
-0.041392297
-0.11189109
-0.01285808
-0.06926538
-0.21256064
-0.0019173686
-0.19864848
0.014182677
0.04161273
0.068542466
0.099566266
0.005986602
-0.058097653
0.19180599
-0.315168
-0.14681667
0.18879387
-0.2856856
-0.06902085
-0.002753321
-0.048378266
0.07460491
0.10093659
0.0437063
0.001236883
-0.21827798
-0.2825278
0.18549255
-0.01661919
0.10887736
-0.000595773
0.05294363
-0.051303234
0.13125698
-0.0987886
0.016537303
-0.21690007
0.08700596
0.053381722
-0.080524415
-0.17924915
0.04660789
0.14776139
0.014657978
0.14934772
0.10772091
0.056540184
-0.063992195
0.0013153217
0.043568145
-0.120691724
0.11251079
-0.12417295
-0.048611
0.057266716
-0.18195342
-0.09376402
0.018599257
-0.31142715
-0.052655824
0.19132239
0.00055968895
0.23124999
0.06393428
-0.089352325
0.1342014
-0.16454333
-0.052643668
-0.06269632
0.118887104
0.19736652
0.1331151
0.06783185
0.0789119
0.1065083
-0.026032832
-0.016880224
-0.12847303
-0.22955509
0.19768082
-0.13614288
0.19956416
-0.10222097
-0.07426479
0.17780024
-0.07686331
0.20251358
0.01943657
0.19019899
-0.077814594
-0.059925508
0.11749835
0.11645388
-0.17211638
-0.18970598
-0.053031024
-0.21882132
0.09572337
0.09074262
0.11529924
0.19433165
-0.038522687
0.044557177
-0.14143366
0.08989584
0.020404572
0.06334198
0.14378867
0.19340582
-0.08450284
0.0059237727
0.22205748
-0.02695036
0.03746275
-0.019996187
-0.06528449
0.164734
0.07098564
0.008056297
0.14842352
-0.10109366
-0.11244661
0.014391741
0.15715173
0.036110148
0.27236012
-0.10520529
0.15205757
-0.083154716
-0.2461312
0.06289886
-0.03826867
-0.097397126
0.08807129
0.19122401
-0.11342504
-0.09581707
0.03295669
0.07055516
0.058296423
-0.13345999
-0.1607351
0.11778583
-0.14022471
-0.007754425
-0.10322339
0.006055104
-0.18865687
0.24869993
0.12169261
-0.37527004
-0.21917607
0.2631537
0.10194537
-0.04796972
-0.015539734
0.114739984
-0.11435593
0.0073529026
-0.08304487
-0.03024134
-0.052724324
0.12363618
0.17151785
-0.062240794
-0.17317858
-0.01774839
-0.09104285
0.055245947
-0.15439825
-0.08703499
0.12995577
-0.03783342
-0.0103549035
-0.057758573
-0.20889835
0.0053318283
0.09910938
0.22611214
-0.06723306
-0.18750413
-0.24762277
-0.06789229
-0.28130606
-0.006408783
-0.091384076
-0.16700545
0.040880676
0.00919931
0.010795714
0.02741075
-0.12319447
-0.085687086
0.2343151
0.027624177
-0.117558174
-0.2436553
0.039918713
-0.2855751
-0.1559448
0.008751141
0.01015136
0.015352702
0.07332141
0.24688974
-0.046942767
-0.16689222
0.19027211
-0.025810562
-0.0406898
0.035491534
-0.22609954
0.14159086
-0.06843417
-0.027060345
0.049508788
-0.14150208
0.07670859
0.12978029
-0.2460983
0.14214863
-0.048913296
0.077086546
-0.14353816
0.040295232
-0.07397603
0.07327199
0.023048816
-0.041484345
-0.007335579
-0.0019320783
0.03963324
-0.039365143
-0.079127535
0.07177093
-0.06269554
0.058427926
-0.057884835
0.032711346
-0.06486237
0.115884155
0.14833932
-0.07941087
-0.14285502
0.0066283154
-0.053682633
0.00081078854
-0.009880956
-0.11877391
-0.15110499
0.09390773
-0.11181279
0.019027438
-0.13475813
0.07016034
0.029186992
-0.20236667
0.22134645
-0.21900122
0.02204606
-0.092995316
0.06305685
0.018282482
-0.2822339
0.17607188
-0.014167633
-0.22669311
-0.17623028
0.04089989
-0.192796
-0.014253458
0.035993528
0.067528
0.033611573
-0.06845174
-0.07645072
0.05304808
-0.050894774
0.002194161
0.049718525
-0.019562526
-0.0062522837
0.14666043
-0.08803239
0.13160092
0.07119916
0.13696074
-0.034642756
-0.03618435
-0.08598658
-0.14266819
-0.029423848
0.05657975
-0.08579126
-0.13107839
0.1656321
-0.031354025
0.06807985
-0.15656863
-0.17710346
-0.15440597
-0.023772765
0.18113036
